,ts_code,trade_date,p
0,801010.SI,20190701,0.018510003
0,801010.SI,20190702,0.94742405
0,801010.SI,20190703,0.98526
0,801020.SI,20190701,0.99771947
0,801020.SI,20190702,0.99974483
0,801020.SI,20190703,0.9989779
0,801030.SI,20190701,0.9463528
0,801030.SI,20190702,0.97589976
0,801030.SI,20190703,0.99992645
0,801040.SI,20190701,0.9784142
0,801040.SI,20190702,0.7908325
0,801040.SI,20190703,0.26241305
0,801050.SI,20190701,0.3880148
0,801050.SI,20190702,0.90785253
0,801050.SI,20190703,0.9771164
0,801080.SI,20190701,0.9566194
0,801080.SI,20190702,0.68922395
0,801080.SI,20190703,0.005373733
0,801110.SI,20190701,0.029099101
0,801110.SI,20190702,0.99893016
0,801110.SI,20190703,0.046262994
0,801120.SI,20190701,0.12133887
0,801120.SI,20190702,0.94672644
0,801120.SI,20190703,0.99924517
0,801130.SI,20190701,0.87355465
0,801130.SI,20190702,0.3784895
0,801130.SI,20190703,0.49326056
0,801140.SI,20190701,0.99841654
0,801140.SI,20190702,0.84666646
0,801140.SI,20190703,0.9976572
0,801150.SI,20190701,0.50513136
0,801150.SI,20190702,0.11400814
0,801150.SI,20190703,0.9996501
0,801160.SI,20190701,
0,801160.SI,20190702,
0,801160.SI,20190703,
0,801170.SI,20190701,0.97742575
0,801170.SI,20190702,0.80934346
0,801170.SI,20190703,0.98373175
0,801180.SI,20190701,0.13223498
0,801180.SI,20190702,0.6027154
0,801180.SI,20190703,0.1397045
0,801200.SI,20190701,0.8452736
0,801200.SI,20190702,0.59895486
0,801200.SI,20190703,0.99798125
0,801210.SI,20190701,0.8758835
0,801210.SI,20190702,0.027627401
0,801210.SI,20190703,0.004978345
0,801230.SI,20190701,0.9993856
0,801230.SI,20190702,0.99945086
0,801230.SI,20190703,0.99657154
0,801250.SI,20190701,0.9962286
0,801250.SI,20190702,0.99055946
0,801250.SI,20190703,0.96394354
0,801260.SI,20190701,0.14530247
0,801260.SI,20190702,0.21227042
0,801260.SI,20190703,0.99677545
0,801270.SI,20190701,0.85571826
0,801270.SI,20190702,0.9991959
0,801270.SI,20190703,0.99969757
0,801280.SI,20190701,0.7529228
0,801280.SI,20190702,0.83538836
0,801280.SI,20190703,0.51277685
0,801300.SI,20190701,0.99737465
0,801300.SI,20190702,0.93302214
0,801300.SI,20190703,0.009762266
0,801710.SI,20190701,0.98980206
0,801710.SI,20190702,0.8555593
0,801710.SI,20190703,0.9889221
0,801720.SI,20190701,0.9730622
0,801720.SI,20190702,0.5678451
0,801720.SI,20190703,0.46552026
0,801730.SI,20190701,0.95728344
0,801730.SI,20190702,0.9998461
0,801730.SI,20190703,0.99860245
0,801740.SI,20190701,0.9908597
0,801740.SI,20190702,0.88771605
0,801740.SI,20190703,0.88150114
0,801750.SI,20190701,0.5776992
0,801750.SI,20190702,0.021331511
0,801750.SI,20190703,0.99586487
0,801760.SI,20190701,0.90680224
0,801760.SI,20190702,0.021115823
0,801760.SI,20190703,0.9907364
0,801770.SI,20190701,0.49801326
0,801770.SI,20190702,0.90952843
0,801770.SI,20190703,0.004811426
0,801780.SI,20190701,0.36035708
0,801780.SI,20190702,0.07911561
0,801780.SI,20190703,0.89024305
0,801790.SI,20190701,
0,801790.SI,20190702,
0,801790.SI,20190703,
0,801880.SI,20190701,
0,801880.SI,20190702,
0,801880.SI,20190703,
0,801890.SI,20190701,0.9867736
0,801890.SI,20190702,0.3337971
0,801890.SI,20190703,0.99563724
0,802600.SI,20190701,0.9237502
0,802600.SI,20190702,0.98748624
0,802600.SI,20190703,0.9988611
