,ts_code,trade_date,p
0,801010.SI,20190701,0.51732224
0,801010.SI,20190702,0.9956808
0,801010.SI,20190703,0.45553362
0,801020.SI,20190701,0.046245735
0,801020.SI,20190702,0.9922752
0,801020.SI,20190703,0.05957122
0,801030.SI,20190701,0.61658823
0,801030.SI,20190702,0.959604
0,801030.SI,20190703,0.8070211
0,801040.SI,20190701,0.0033692648
0,801040.SI,20190702,0.077060856
0,801040.SI,20190703,0.72005796
0,801050.SI,20190701,0.0022996233
0,801050.SI,20190702,0.54709476
0,801050.SI,20190703,0.8554164
0,801080.SI,20190701,0.002874352
0,801080.SI,20190702,0.053691935
0,801080.SI,20190703,0.53013605
0,801110.SI,20190701,0.029946275
0,801110.SI,20190702,0.010023507
0,801110.SI,20190703,0.1377901
0,801120.SI,20190701,0.007268346
0,801120.SI,20190702,0.21017635
0,801120.SI,20190703,0.99112225
0,801130.SI,20190701,0.33645394
0,801130.SI,20190702,0.038760092
0,801130.SI,20190703,0.048118256
0,801140.SI,20190701,0.93764454
0,801140.SI,20190702,0.21341285
0,801140.SI,20190703,0.1291367
0,801150.SI,20190701,0.01911079
0,801150.SI,20190702,0.9790536
0,801150.SI,20190703,0.1518319
0,801160.SI,20190701,
0,801160.SI,20190702,
0,801160.SI,20190703,
0,801170.SI,20190701,0.034766454
0,801170.SI,20190702,0.033059765
0,801170.SI,20190703,0.047694348
0,801180.SI,20190701,0.4262309
0,801180.SI,20190702,0.87160385
0,801180.SI,20190703,0.9188136
0,801200.SI,20190701,0.010137514
0,801200.SI,20190702,0.663216
0,801200.SI,20190703,0.9833039
0,801210.SI,20190701,0.0006678247
0,801210.SI,20190702,0.058146514
0,801210.SI,20190703,0.9501247
0,801230.SI,20190701,0.28792334
0,801230.SI,20190702,0.99872905
0,801230.SI,20190703,0.07914698
0,801250.SI,20190701,0.0005324739
0,801250.SI,20190702,0.9954536
0,801250.SI,20190703,0.3125307
0,801260.SI,20190701,0.0017031877
0,801260.SI,20190702,0.795069
0,801260.SI,20190703,0.60070795
0,801270.SI,20190701,0.0040517068
0,801270.SI,20190702,0.5680813
0,801270.SI,20190703,0.6848457
0,801280.SI,20190701,0.13706303
0,801280.SI,20190702,0.07201675
0,801280.SI,20190703,0.7523918
0,801300.SI,20190701,0.0016849858
0,801300.SI,20190702,0.008656236
0,801300.SI,20190703,0.5745006
0,801710.SI,20190701,0.0008519202
0,801710.SI,20190702,0.16271852
0,801710.SI,20190703,0.20540896
0,801720.SI,20190701,0.90994203
0,801720.SI,20190702,0.9993007
0,801720.SI,20190703,0.3365029
0,801730.SI,20190701,0.00023695608
0,801730.SI,20190702,0.998264
0,801730.SI,20190703,0.5240072
0,801740.SI,20190701,0.99563944
0,801740.SI,20190702,0.0069444366
0,801740.SI,20190703,0.39455
0,801750.SI,20190701,0.019121148
0,801750.SI,20190702,0.99827385
0,801750.SI,20190703,0.28677246
0,801760.SI,20190701,0.7239323
0,801760.SI,20190702,0.9995353
0,801760.SI,20190703,0.97111106
0,801770.SI,20190701,0.6118307
0,801770.SI,20190702,0.9810369
0,801770.SI,20190703,0.16422097
0,801780.SI,20190701,0.9233672
0,801780.SI,20190702,0.20263016
0,801780.SI,20190703,0.32816884
0,801790.SI,20190701,
0,801790.SI,20190702,
0,801790.SI,20190703,
0,801880.SI,20190701,
0,801880.SI,20190702,
0,801880.SI,20190703,
0,801890.SI,20190701,0.0017717809
0,801890.SI,20190702,0.99268407
0,801890.SI,20190703,0.8386144
0,802600.SI,20190701,0.0007486441
0,802600.SI,20190702,0.9963236
0,802600.SI,20190703,0.66392213
