,ts_code,trade_date,p
0,801010.SI,20190701,0.00735198
0,801010.SI,20190702,0.1049141
0,801010.SI,20190703,0.99943703
0,801020.SI,20190701,0.003860865
0,801020.SI,20190702,0.9864861
0,801020.SI,20190703,0.99998
0,801030.SI,20190701,0.01387234
0,801030.SI,20190702,0.9144005
0,801030.SI,20190703,0.9999422
0,801040.SI,20190701,0.04343989
0,801040.SI,20190702,0.8681967
0,801040.SI,20190703,0.9869186
0,801050.SI,20190701,0.00495071
0,801050.SI,20190702,0.7229369
0,801050.SI,20190703,0.48536432
0,801080.SI,20190701,0.096455686
0,801080.SI,20190702,0.46663615
0,801080.SI,20190703,0.6117242
0,801110.SI,20190701,0.5850251
0,801110.SI,20190702,0.957696
0,801110.SI,20190703,0.017133206
0,801120.SI,20190701,0.60633385
0,801120.SI,20190702,0.9992387
0,801120.SI,20190703,0.7342064
0,801130.SI,20190701,0.18263042
0,801130.SI,20190702,0.8642494
0,801130.SI,20190703,0.83673173
0,801140.SI,20190701,0.943746
0,801140.SI,20190702,0.82914054
0,801140.SI,20190703,0.9958331
0,801150.SI,20190701,0.89823705
0,801150.SI,20190702,0.99348277
0,801150.SI,20190703,0.95727223
0,801160.SI,20190701,
0,801160.SI,20190702,
0,801160.SI,20190703,
0,801170.SI,20190701,0.9512095
0,801170.SI,20190702,0.94369644
0,801170.SI,20190703,0.7086814
0,801180.SI,20190701,0.028265234
0,801180.SI,20190702,0.062590726
0,801180.SI,20190703,0.9954106
0,801200.SI,20190701,0.6173012
0,801200.SI,20190702,0.98214334
0,801200.SI,20190703,0.009505209
0,801210.SI,20190701,0.0010270121
0,801210.SI,20190702,0.9914076
0,801210.SI,20190703,0.70511305
0,801230.SI,20190701,0.018058654
0,801230.SI,20190702,0.7208111
0,801230.SI,20190703,0.9669024
0,801250.SI,20190701,0.40010098
0,801250.SI,20190702,0.16156748
0,801250.SI,20190703,0.6244353
0,801260.SI,20190701,0.24988079
0,801260.SI,20190702,0.97934234
0,801260.SI,20190703,0.9536345
0,801270.SI,20190701,0.08470904
0,801270.SI,20190702,0.9955285
0,801270.SI,20190703,0.99989796
0,801280.SI,20190701,0.7393656
0,801280.SI,20190702,0.99335855
0,801280.SI,20190703,0.9298973
0,801300.SI,20190701,0.004306753
0,801300.SI,20190702,0.9039606
0,801300.SI,20190703,0.81158596
0,801710.SI,20190701,0.9847461
0,801710.SI,20190702,0.99109787
0,801710.SI,20190703,0.55337125
0,801720.SI,20190701,0.96996427
0,801720.SI,20190702,0.99240005
0,801720.SI,20190703,0.7231388
0,801730.SI,20190701,0.06485036
0,801730.SI,20190702,0.99691844
0,801730.SI,20190703,0.66988534
0,801740.SI,20190701,0.9797091
0,801740.SI,20190702,0.04038518
0,801740.SI,20190703,0.94135267
0,801750.SI,20190701,0.6060102
0,801750.SI,20190702,0.9973296
0,801750.SI,20190703,0.06199335
0,801760.SI,20190701,0.98629946
0,801760.SI,20190702,0.99957126
0,801760.SI,20190703,0.98591715
0,801770.SI,20190701,0.090128355
0,801770.SI,20190702,0.77404946
0,801770.SI,20190703,0.02378888
0,801780.SI,20190701,0.26196057
0,801780.SI,20190702,0.19925335
0,801780.SI,20190703,0.05579936
0,801790.SI,20190701,
0,801790.SI,20190702,
0,801790.SI,20190703,
0,801880.SI,20190701,
0,801880.SI,20190702,
0,801880.SI,20190703,
0,801890.SI,20190701,0.8463686
0,801890.SI,20190702,0.9839543
0,801890.SI,20190703,0.6596869
0,802600.SI,20190701,0.34387207
0,802600.SI,20190702,0.78758365
0,802600.SI,20190703,0.93205607
