,ts_code,trade_date,p
0,801010.SI,20190701,0.00054716395
0,801010.SI,20190702,0.9980223
0,801010.SI,20190703,0.9997906
0,801020.SI,20190701,0.003534455
0,801020.SI,20190702,0.57304555
0,801020.SI,20190703,0.99917114
0,801030.SI,20190701,0.004455341
0,801030.SI,20190702,0.11113749
0,801030.SI,20190703,0.9949242
0,801040.SI,20190701,0.9588894
0,801040.SI,20190702,0.97092855
0,801040.SI,20190703,0.07958916
0,801050.SI,20190701,0.92602307
0,801050.SI,20190702,0.3714237
0,801050.SI,20190703,0.15576187
0,801080.SI,20190701,0.8723455
0,801080.SI,20190702,0.7012601
0,801080.SI,20190703,0.14105216
0,801110.SI,20190701,0.73741627
0,801110.SI,20190702,0.97152936
0,801110.SI,20190703,0.43545297
0,801120.SI,20190701,0.73802894
0,801120.SI,20190702,0.052129593
0,801120.SI,20190703,0.9874364
0,801130.SI,20190701,0.019543579
0,801130.SI,20190702,0.78804964
0,801130.SI,20190703,0.73980933
0,801140.SI,20190701,0.27901608
0,801140.SI,20190702,0.9851518
0,801140.SI,20190703,0.9677183
0,801150.SI,20190701,0.37756214
0,801150.SI,20190702,0.740209
0,801150.SI,20190703,0.91281706
0,801160.SI,20190701,
0,801160.SI,20190702,
0,801160.SI,20190703,
0,801170.SI,20190701,0.32835463
0,801170.SI,20190702,0.1877602
0,801170.SI,20190703,0.8700713
0,801180.SI,20190701,0.6492906
0,801180.SI,20190702,0.99622357
0,801180.SI,20190703,0.5496631
0,801200.SI,20190701,0.38757393
0,801200.SI,20190702,0.5509269
0,801200.SI,20190703,0.96544933
0,801210.SI,20190701,0.014057672
0,801210.SI,20190702,0.1481979
0,801210.SI,20190703,0.89456284
0,801230.SI,20190701,0.009703554
0,801230.SI,20190702,0.99922
0,801230.SI,20190703,0.95022005
0,801250.SI,20190701,0.29153204
0,801250.SI,20190702,0.9854511
0,801250.SI,20190703,0.8335071
0,801260.SI,20190701,0.025052067
0,801260.SI,20190702,0.07276381
0,801260.SI,20190703,0.98275095
0,801270.SI,20190701,0.0018176517
0,801270.SI,20190702,0.90707934
0,801270.SI,20190703,0.9882774
0,801280.SI,20190701,0.8897223
0,801280.SI,20190702,0.0063660042
0,801280.SI,20190703,0.9950165
0,801300.SI,20190701,0.17070477
0,801300.SI,20190702,0.020061567
0,801300.SI,20190703,0.7350735
0,801710.SI,20190701,0.07704122
0,801710.SI,20190702,0.97590137
0,801710.SI,20190703,0.42311174
0,801720.SI,20190701,0.57185817
0,801720.SI,20190702,0.3719003
0,801720.SI,20190703,0.68633974
0,801730.SI,20190701,0.15201212
0,801730.SI,20190702,0.9755107
0,801730.SI,20190703,0.9947767
0,801740.SI,20190701,0.97357255
0,801740.SI,20190702,0.9941596
0,801740.SI,20190703,0.671702
0,801750.SI,20190701,0.41750354
0,801750.SI,20190702,0.7745671
0,801750.SI,20190703,0.9926882
0,801760.SI,20190701,0.5589545
0,801760.SI,20190702,0.9220833
0,801760.SI,20190703,0.9992398
0,801770.SI,20190701,0.44909266
0,801770.SI,20190702,0.9875537
0,801770.SI,20190703,0.06892459
0,801780.SI,20190701,0.6201242
0,801780.SI,20190702,0.81417865
0,801780.SI,20190703,0.9962012
0,801790.SI,20190701,
0,801790.SI,20190702,
0,801790.SI,20190703,
0,801880.SI,20190701,
0,801880.SI,20190702,
0,801880.SI,20190703,
0,801890.SI,20190701,0.16352761
0,801890.SI,20190702,0.97442913
0,801890.SI,20190703,0.98767066
0,802600.SI,20190701,0.27955562
0,802600.SI,20190702,0.8675101
0,802600.SI,20190703,0.9879287
