,ts_code,trade_date,p
0,801010.SI,20190701,0.011080982
0,801010.SI,20190702,0.9982114
0,801010.SI,20190703,0.99681866
0,801020.SI,20190701,0.04937339
0,801020.SI,20190702,0.9995363
0,801020.SI,20190703,0.9996439
0,801030.SI,20190701,0.09135746
0,801030.SI,20190702,0.99857926
0,801030.SI,20190703,0.428164
0,801040.SI,20190701,0.9813198
0,801040.SI,20190702,0.46788135
0,801040.SI,20190703,0.024992349
0,801050.SI,20190701,0.014599299
0,801050.SI,20190702,0.093989305
0,801050.SI,20190703,0.9982016
0,801080.SI,20190701,0.004945756
0,801080.SI,20190702,0.9936226
0,801080.SI,20190703,0.13301969
0,801110.SI,20190701,0.9821294
0,801110.SI,20190702,0.9130422
0,801110.SI,20190703,0.0009104945
0,801120.SI,20190701,0.0008189896
0,801120.SI,20190702,0.9980611
0,801120.SI,20190703,0.9987218
0,801130.SI,20190701,0.88263994
0,801130.SI,20190702,0.9479024
0,801130.SI,20190703,0.06829861
0,801140.SI,20190701,0.75301677
0,801140.SI,20190702,0.99967194
0,801140.SI,20190703,0.007807059
0,801150.SI,20190701,0.08918075
0,801150.SI,20190702,0.99723047
0,801150.SI,20190703,0.34183842
0,801160.SI,20190701,
0,801160.SI,20190702,
0,801160.SI,20190703,
0,801170.SI,20190701,0.17517106
0,801170.SI,20190702,0.9852051
0,801170.SI,20190703,0.99610436
0,801180.SI,20190701,0.8678606
0,801180.SI,20190702,0.9834388
0,801180.SI,20190703,0.078079365
0,801200.SI,20190701,0.012997072
0,801200.SI,20190702,0.99773645
0,801200.SI,20190703,0.9414359
0,801210.SI,20190701,0.075989686
0,801210.SI,20190702,0.99154294
0,801210.SI,20190703,0.9972921
0,801230.SI,20190701,0.94764256
0,801230.SI,20190702,0.99913484
0,801230.SI,20190703,0.94488174
0,801250.SI,20190701,0.12976539
0,801250.SI,20190702,0.98622847
0,801250.SI,20190703,0.16703272
0,801260.SI,20190701,0.17346562
0,801260.SI,20190702,0.9956982
0,801260.SI,20190703,0.08633115
0,801270.SI,20190701,0.012467365
0,801270.SI,20190702,0.99704856
0,801270.SI,20190703,0.031209432
0,801280.SI,20190701,0.9755948
0,801280.SI,20190702,0.9042816
0,801280.SI,20190703,0.61449707
0,801300.SI,20190701,0.28605035
0,801300.SI,20190702,0.9457516
0,801300.SI,20190703,0.06872668
0,801710.SI,20190701,0.0034904147
0,801710.SI,20190702,0.54550457
0,801710.SI,20190703,0.01347633
0,801720.SI,20190701,0.30498526
0,801720.SI,20190702,0.8444338
0,801720.SI,20190703,0.93201834
0,801730.SI,20190701,0.14921759
0,801730.SI,20190702,0.9970849
0,801730.SI,20190703,0.5354005
0,801740.SI,20190701,0.9709203
0,801740.SI,20190702,0.8378387
0,801740.SI,20190703,0.94768786
0,801750.SI,20190701,0.012997317
0,801750.SI,20190702,0.827279
0,801750.SI,20190703,0.065078266
0,801760.SI,20190701,0.5563551
0,801760.SI,20190702,0.9612126
0,801760.SI,20190703,0.9817184
0,801770.SI,20190701,0.524321
0,801770.SI,20190702,0.98295766
0,801770.SI,20190703,0.015108454
0,801780.SI,20190701,0.8947043
0,801780.SI,20190702,0.059030008
0,801780.SI,20190703,0.864818
0,801790.SI,20190701,
0,801790.SI,20190702,
0,801790.SI,20190703,
0,801880.SI,20190701,
0,801880.SI,20190702,
0,801880.SI,20190703,
0,801890.SI,20190701,0.5899386
0,801890.SI,20190702,0.99342173
0,801890.SI,20190703,0.65789115
0,802600.SI,20190701,0.32316723
0,802600.SI,20190702,0.9950558
0,802600.SI,20190703,0.08295445
